46 1
57 1
107 1
173 1
316 1
115 1
209 1
270 1
54 1
236 1
78 1
205 1
74 1
8 1
362 1
138 1
328 1
104 1
168 1
193 1
142 1
315 1
162 1
379 1
187 1
22 1
40 1
86 2
116 2
239 2
17 2
102 2
140 2
137 2
196 2
220 2
53 2
171 2
306 2
355 2
147 2
285 2
13 2
185 2
284 2
235 2
136 2
197 2
357 2
314 2
238 3
251 3
37 3
118 3
230 3
241 3
224 3
97 3
159 3
327 3
214 3
354 3
182 3
141 3
194 3
2 3
63 3
44 3
313 3
188 3
246 4
310 4
56 4
179 4
174 4
333 4
358 4
3 4
45 4
99 4
361 4
229 4
274 4
85 4
112 4
312 5
95 5
218 5
344 5
232 5
341 5
55 5
353 5
58 5
119 5
176 5
90 5
255 5
207 5
215 5
322 5
383 5
19 6
34 6
290 6
299 6
80 6
163 6
208 6
105 6
160 6
12 6
337 6
133 6
381 6
309 6
132 7
318 7
165 7
347 7
189 7
139 7
339 7
64 7
294 7
28 7
184 7
302 7
195 7
382 7
368 8
369 8
377 8
365 8
378 8
364 8
367 8
376 8
380 8
113 8
373 9
297 9
325 9
146 9
281 9
100 9
117 9
61 9
164 9
83 9
275 9
277 9
38 10
42 10
127 10
144 10
350 10
11 10
211 10
183 10
114 10
156 10
201 11
154 11
106 11
352 11
149 11
216 11
261 11
14 11
338 11
186 11
348 12
319 12
47 12
27 12
192 12
263 12
245 12
289 12
67 12
375 13
243 13
148 13
129 13
363 13
155 13
167 13
21 13
253 13
283 13
4 13
265 13
237 13
130 14
49 14
161 14
41 14
76 14
320 14
346 14
268 14
109 14
360 14
9 14
25 14
259 14
250 15
366 15
96 15
256 15
345 15
108 15
181 15
221 15
59 15
287 15
317 15
342 15
217 15
121 16
276 16
329 16
50 16
254 16
157 16
35 16
282 16
7 16
323 16
124 17
219 17
66 17
152 17
326 17
233 17
295 17
91 17
111 17
6 17
234 18
70 18
77 18
82 18
227 18
288 18
307 18
122 19
248 19
33 19
308 19
264 19
191 19
177 19
172 19
110 19
252 20
267 20
79 20
92 20
359 20
16 20
292 20
170 20
225 20
20 20
271 20
286 21
296 21
52 21
331 21
175 21
242 21
199 21
198 21
300 22
87 22
135 22
262 22
68 22
269 22
158 22
98 22
51 22
279 23
75 23
228 23
273 23
166 23
101 23
36 23
324 23
10 23
204 23
303 23
84 24
226 24
203 24
351 24
32 24
126 24
266 24
244 25
23 25
258 25
202 25
385 25
169 25
278 25
200 25
370 26
128 26
24 26
298 26
210 26
1 26
143 26
272 26
335 26
343 27
311 27
29 27
71 27
180 27
15 27
134 27
125 28
30 28
178 28
206 28
321 28
349 29
94 29
48 29
60 29
43 29
26 29
153 29
212 30
72 30
81 30
151 30
257 30
93 30
231 31
150 31
260 31
123 31
332 31
247 32
330 32
356 32
145 32
65 32
301 33
223 33
69 33
5 33
88 33
334 34
213 34
89 34
62 34
103 34
340 35
336 35
120 35
18 36
131 36
291 36
305 37
222 37
190 37
73 37
249 38
39 38
280 38
372 39
374 39
371 39
384 39
293 40
240 40
31 41
304 42
